--------------------------------------------------------------------------------
CPU name:	Intel(R) Xeon(R) CPU E5-2630 v3 @ 2.40GHz
CPU type:	Intel Xeon Haswell EN/EP/EX processor
CPU clock:	2.39 GHz
--------------------------------------------------------------------------------
runtime: 0.500590
--------------------------------------------------------------------------------
Region numa, Group 1: NUMA
+-------------------+----------+----------+----------+----------+----------+----------+----------+----------+----------+----------+----------+----------+----------+----------+----------+----------+----------+----------+----------+----------+----------+----------+----------+----------+----------+----------+----------+----------+----------+----------+----------+----------+
|    Region Info    |  Core 0  |  Core 1  |  Core 2  |  Core 3  |  Core 4  |  Core 5  |  Core 6  |  Core 7  |  Core 8  |  Core 9  |  Core 10 |  Core 11 |  Core 12 |  Core 13 |  Core 14 |  Core 15 |  Core 16 |  Core 17 |  Core 18 |  Core 19 |  Core 20 |  Core 21 |  Core 22 |  Core 23 |  Core 24 |  Core 25 |  Core 26 |  Core 27 |  Core 28 |  Core 29 |  Core 30 |  Core 31 |
+-------------------+----------+----------+----------+----------+----------+----------+----------+----------+----------+----------+----------+----------+----------+----------+----------+----------+----------+----------+----------+----------+----------+----------+----------+----------+----------+----------+----------+----------+----------+----------+----------+----------+
| RDTSC Runtime [s] | 0.498995 | 0.485713 | 0.489469 | 0.473692 | 0.471182 | 0.475687 | 0.483640 | 0.489224 | 0.481689 | 0.491166 | 0.479803 | 0.485722 | 0.494451 | 0.492768 | 0.477735 | 0.424989 | 0.430921 | 0.446792 | 0.466187 | 0.457433 | 0.432766 | 0.435999 | 0.449577 | 0.468679 | 0.460544 | 0.443985 | 0.438452 | 0.441269 | 0.455086 | 0.463053 | 0.452161 | 0.428139 |
|     call count    |        1 |        1 |        1 |        1 |        1 |        1 |        1 |        1 |        1 |        1 |        1 |        1 |        1 |        1 |        1 |        1 |        1 |        1 |        1 |        1 |        1 |        1 |        1 |        1 |        1 |        1 |        1 |        1 |        1 |        1 |        1 |        1 |
+-------------------+----------+----------+----------+----------+----------+----------+----------+----------+----------+----------+----------+----------+----------+----------+----------+----------+----------+----------+----------+----------+----------+----------+----------+----------+----------+----------+----------+----------+----------+----------+----------+----------+

+--------------------------------+---------+-----------+-----------+-----------+-----------+-----------+-----------+-----------+-----------+-----------+-----------+-----------+-----------+-----------+-----------+-----------+-----------+-----------+-----------+-----------+-----------+-----------+-----------+-----------+-----------+-----------+-----------+-----------+-----------+-----------+-----------+-----------+-----------+
|              Event             | Counter |   Core 0  |   Core 1  |   Core 2  |   Core 3  |   Core 4  |   Core 5  |   Core 6  |   Core 7  |   Core 8  |   Core 9  |  Core 10  |  Core 11  |  Core 12  |  Core 13  |  Core 14  |  Core 15  |  Core 16  |  Core 17  |  Core 18  |  Core 19  |  Core 20  |  Core 21  |  Core 22  |  Core 23  |  Core 24  |  Core 25  |  Core 26  |  Core 27  |  Core 28  |  Core 29  |  Core 30  |  Core 31  |
+--------------------------------+---------+-----------+-----------+-----------+-----------+-----------+-----------+-----------+-----------+-----------+-----------+-----------+-----------+-----------+-----------+-----------+-----------+-----------+-----------+-----------+-----------+-----------+-----------+-----------+-----------+-----------+-----------+-----------+-----------+-----------+-----------+-----------+-----------+
|        INSTR_RETIRED_ANY       |  FIXC0  | 377110100 | 377125300 | 377105800 | 377248800 | 377105900 | 377106000 | 377218100 | 377106300 | 377106000 | 377106200 | 377107300 | 377338500 | 377106200 | 377445200 | 377106300 | 377849800 | 377106100 | 377106200 | 377106300 | 377106300 | 375446900 | 377106400 | 377248200 | 377106500 | 377106500 | 377106500 | 377107600 | 377106600 | 377106700 | 377106700 | 377106700 | 377106700 |
|      CPU_CLK_UNHALTED_CORE     |  FIXC1  | 774831300 | 753126500 | 849511300 | 790261000 | 843604300 | 835822300 | 776192900 | 774614100 | 791633700 | 800521400 | 759617000 | 755771400 | 792006600 | 768729400 | 817740000 | 773081600 | 772491200 | 751821800 | 848154100 | 788748100 | 838009700 | 833856700 | 775555000 | 773858300 | 789892700 | 798960100 | 758236600 | 753383300 | 790757400 | 766689300 | 816208000 | 772297900 |
|      CPU_CLK_UNHALTED_REF      |  FIXC2  | 814083600 | 780307300 | 880220900 | 820137400 | 870535900 | 866162700 | 809115100 | 806244300 | 819843800 | 838340900 | 792446900 | 785639400 | 828928900 | 803285000 | 842677400 | 816398300 | 785304100 | 761650000 | 869056000 | 811994900 | 852173500 | 847088700 | 793260300 | 795318500 | 809578200 | 814944100 | 774047600 | 763570600 | 809233900 | 786894000 | 828537600 | 818212000 |
|  OFFCORE_RESPONSE_0_LOCAL_DRAM |   PMC0  |   2804968 |   2784445 |   2882355 |   2866942 |   2983182 |   2909563 |   2772356 |   2612635 |   2755117 |   2955023 |   2666886 |   2644018 |   2845233 |   2724791 |   2946394 |   2673363 |   2580668 |   2592106 |   2814468 |   2706416 |   2860320 |   2770236 |   2711202 |   2710057 |   2633887 |   2872297 |   2843302 |   2409555 |   2817969 |   2623405 |   2844595 |   2562194 |
| OFFCORE_RESPONSE_1_REMOTE_DRAM |   PMC1  |        11 |       199 |        12 |      1382 |        15 |       140 |       226 |     29803 |       184 |       213 |       432 |      3219 |       210 |      3232 |       498 |     23769 |         6 |        17 |        14 |        16 |      2609 |        13 |      1347 |     11173 |       472 |       421 |       677 |       196 |       132 |       258 |       323 |       498 |
+--------------------------------+---------+-----------+-----------+-----------+-----------+-----------+-----------+-----------+-----------+-----------+-----------+-----------+-----------+-----------+-----------+-----------+-----------+-----------+-----------+-----------+-----------+-----------+-----------+-----------+-----------+-----------+-----------+-----------+-----------+-----------+-----------+-----------+-----------+

+-------------------------------------+---------+-------------+-----------+-----------+--------------+
|                Event                | Counter |     Sum     |    Min    |    Max    |      Avg     |
+-------------------------------------+---------+-------------+-----------+-----------+--------------+
|        INSTR_RETIRED_ANY STAT       |  FIXC0  | 12067478700 | 375446900 | 377849800 | 3.771087e+08 |
|      CPU_CLK_UNHALTED_CORE STAT     |  FIXC1  | 25285985000 | 751821800 | 849511300 | 7.901870e+08 |
|      CPU_CLK_UNHALTED_REF STAT      |  FIXC2  | 26095231800 | 761650000 | 880220900 | 8.154760e+08 |
|  OFFCORE_RESPONSE_0_LOCAL_DRAM STAT |   PMC0  |    88179948 |   2409555 |   2983182 | 2.755623e+06 |
| OFFCORE_RESPONSE_1_REMOTE_DRAM STAT |   PMC1  |       81717 |         6 |     29803 |    2553.6562 |
+-------------------------------------+---------+-------------+-----------+-----------+--------------+

+---------------------------------+--------------+--------------+--------------+-----------+--------------+--------------+--------------+-----------+--------------+--------------+--------------+-----------+--------------+-----------+--------------+-----------+--------------+--------------+--------------+--------------+-----------+--------------+-----------+-----------+--------------+--------------+--------------+--------------+--------------+--------------+--------------+--------------+
|              Metric             |    Core 0    |    Core 1    |    Core 2    |   Core 3  |    Core 4    |    Core 5    |    Core 6    |   Core 7  |    Core 8    |    Core 9    |    Core 10   |  Core 11  |    Core 12   |  Core 13  |    Core 14   |  Core 15  |    Core 16   |    Core 17   |    Core 18   |    Core 19   |  Core 20  |    Core 21   |  Core 22  |  Core 23  |    Core 24   |    Core 25   |    Core 26   |    Core 27   |    Core 28   |    Core 29   |    Core 30   |    Core 31   |
+---------------------------------+--------------+--------------+--------------+-----------+--------------+--------------+--------------+-----------+--------------+--------------+--------------+-----------+--------------+-----------+--------------+-----------+--------------+--------------+--------------+--------------+-----------+--------------+-----------+-----------+--------------+--------------+--------------+--------------+--------------+--------------+--------------+--------------+
|       Runtime (RDTSC) [s]       |       0.4990 |       0.4857 |       0.4895 |    0.4737 |       0.4712 |       0.4757 |       0.4836 |    0.4892 |       0.4817 |       0.4912 |       0.4798 |    0.4857 |       0.4945 |    0.4928 |       0.4777 |    0.4250 |       0.4309 |       0.4468 |       0.4662 |       0.4574 |    0.4328 |       0.4360 |    0.4496 |    0.4687 |       0.4605 |       0.4440 |       0.4385 |       0.4413 |       0.4551 |       0.4631 |       0.4522 |       0.4281 |
|       Runtime unhalted [s]      |       0.3236 |       0.3145 |       0.3548 |    0.3301 |       0.3523 |       0.3491 |       0.3242 |    0.3235 |       0.3306 |       0.3343 |       0.3173 |    0.3156 |       0.3308 |    0.3211 |       0.3415 |    0.3229 |       0.3226 |       0.3140 |       0.3542 |       0.3294 |    0.3500 |       0.3483 |    0.3239 |    0.3232 |       0.3299 |       0.3337 |       0.3167 |       0.3147 |       0.3303 |       0.3202 |       0.3409 |       0.3226 |
|           Clock [MHz]           |    2278.8980 |    2310.9417 |    2310.8099 | 2307.1225 |    2320.2716 |    2310.4746 |    2296.9212 | 2300.4112 |    2311.9577 |    2286.3306 |    2295.1509 | 2303.3181 |    2287.6957 | 2291.3454 |    2323.4890 | 2267.3052 |    2355.2793 |    2363.4488 |    2336.7580 |    2325.7967 | 2354.5491 |    2356.9440 | 2340.9040 | 2329.7380 |    2336.1247 |    2347.3833 |    2345.4372 |    2362.4005 |    2339.6771 |    2332.8666 |    2358.7144 |    2259.9860 |
|               CPI               |       2.0547 |       1.9970 |       2.2527 |    2.0948 |       2.2370 |       2.2164 |       2.0577 |    2.0541 |       2.0992 |       2.1228 |       2.0143 |    2.0029 |       2.1002 |    2.0367 |       2.1685 |    2.0460 |       2.0485 |       1.9937 |       2.2491 |       2.0916 |    2.2320 |       2.2112 |    2.0558 |    2.0521 |       2.0946 |       2.1187 |       2.0107 |       1.9978 |       2.0969 |       2.0331 |       2.1644 |       2.0480 |
|  Local DRAM data volume [GByte] |       0.1795 |       0.1782 |       0.1845 |    0.1835 |       0.1909 |       0.1862 |       0.1774 |    0.1672 |       0.1763 |       0.1891 |       0.1707 |    0.1692 |       0.1821 |    0.1744 |       0.1886 |    0.1711 |       0.1652 |       0.1659 |       0.1801 |       0.1732 |    0.1831 |       0.1773 |    0.1735 |    0.1734 |       0.1686 |       0.1838 |       0.1820 |       0.1542 |       0.1804 |       0.1679 |       0.1821 |       0.1640 |
|  Local DRAM bandwidth [MByte/s] |     359.7592 |     366.8925 |     376.8795 |  387.3491 |     405.2013 |     391.4588 |     366.8653 |  341.7837 |     366.0606 |     385.0462 |     355.7308 |  348.3830 |     368.2771 |  353.8922 |     394.7147 |  402.5871 |     383.2784 |     371.3022 |     386.3813 |     378.6581 |  423.0009 |     406.6413 |  385.9563 |  370.0692 |     366.0210 |     414.0392 |     415.0310 |     349.4729 |     396.2991 |     362.5891 |     402.6307 |     383.0072 |
| Remote DRAM data volume [GByte] | 7.040000e-07 | 1.273600e-05 | 7.680000e-07 |    0.0001 | 9.600000e-07 | 8.960000e-06 | 1.446400e-05 |    0.0019 | 1.177600e-05 | 1.363200e-05 | 2.764800e-05 |    0.0002 | 1.344000e-05 |    0.0002 | 3.187200e-05 |    0.0015 | 3.840000e-07 | 1.088000e-06 | 8.960000e-07 | 1.024000e-06 |    0.0002 | 8.320000e-07 |    0.0001 |    0.0007 | 3.020800e-05 | 2.694400e-05 | 4.332800e-05 | 1.254400e-05 | 8.448000e-06 | 1.651200e-05 | 2.067200e-05 | 3.187200e-05 |
| Remote DRAM bandwidth [MByte/s] |       0.0014 |       0.0262 |       0.0016 |    0.1867 |       0.0020 |       0.0188 |       0.0299 |    3.8988 |       0.0244 |       0.0278 |       0.0576 |    0.4241 |       0.0272 |    0.4198 |       0.0667 |    3.5794 |       0.0009 |       0.0024 |       0.0019 |       0.0022 |    0.3858 |       0.0019 |    0.1918 |    1.5257 |       0.0656 |       0.0607 |       0.0988 |       0.0284 |       0.0186 |       0.0357 |       0.0457 |       0.0744 |
|    Memory data volume [GByte]   |       0.1795 |       0.1782 |       0.1845 |    0.1836 |       0.1909 |       0.1862 |       0.1774 |    0.1691 |       0.1763 |       0.1891 |       0.1707 |    0.1694 |       0.1821 |    0.1746 |       0.1886 |    0.1726 |       0.1652 |       0.1659 |       0.1801 |       0.1732 |    0.1832 |       0.1773 |    0.1736 |    0.1742 |       0.1686 |       0.1839 |       0.1820 |       0.1542 |       0.1804 |       0.1679 |       0.1821 |       0.1640 |
|    Memory bandwidth [MByte/s]   |     359.7606 |     366.9187 |     376.8811 |  387.5358 |     405.2034 |     391.4777 |     366.8952 |  345.6825 |     366.0850 |     385.0739 |     355.7884 |  348.8072 |     368.3043 |  354.3119 |     394.7814 |  406.1665 |     383.2793 |     371.3046 |     386.3832 |     378.6603 |  423.3867 |     406.6432 |  386.1481 |  371.5950 |     366.0866 |     414.0998 |     415.1298 |     349.5013 |     396.3177 |     362.6248 |     402.6765 |     383.0817 |
+---------------------------------+--------------+--------------+--------------+-----------+--------------+--------------+--------------+-----------+--------------+--------------+--------------+-----------+--------------+-----------+--------------+-----------+--------------+--------------+--------------+--------------+-----------+--------------+-----------+-----------+--------------+--------------+--------------+--------------+--------------+--------------+--------------+--------------+

+--------------------------------------+------------+--------------+-----------+-----------+
|                Metric                |     Sum    |      Min     |    Max    |    Avg    |
+--------------------------------------+------------+--------------+-----------+-----------+
|       Runtime (RDTSC) [s] STAT       |    14.8672 |       0.4250 |    0.4990 |    0.4646 |
|       Runtime unhalted [s] STAT      |    10.5608 |       0.3140 |    0.3548 |    0.3300 |
|           Clock [MHz] STAT           | 74248.4510 |    2259.9860 | 2363.4488 | 2320.2641 |
|               CPI STAT               |    67.0532 |       1.9937 |    2.2527 |    2.0954 |
|  Local DRAM data volume [GByte] STAT |     5.6436 |       0.1542 |    0.1909 |    0.1764 |
|  Local DRAM bandwidth [MByte/s] STAT | 12165.2590 |     341.7837 |  423.0009 |  380.1643 |
| Remote DRAM data volume [GByte] STAT |     0.0052 | 3.840000e-07 |    0.0019 |    0.0002 |
| Remote DRAM bandwidth [MByte/s] STAT |    11.3329 |       0.0009 |    3.8988 |    0.3542 |
|    Memory data volume [GByte] STAT   |     5.6486 |       0.1542 |    0.1909 |    0.1765 |
|    Memory bandwidth [MByte/s] STAT   | 12176.5922 |     345.6825 |  423.3867 |  380.5185 |
+--------------------------------------+------------+--------------+-----------+-----------+

