--------------------------------------------------------------------------------
CPU name:	Intel(R) Xeon(R) CPU E5-2630 v3 @ 2.40GHz
CPU type:	Intel Xeon Haswell EN/EP/EX processor
CPU stepping:	2
********************************************************************************
Hardware Thread Topology
********************************************************************************
Sockets:		2
Cores per socket:	8
Threads per core:	2
--------------------------------------------------------------------------------
HWThread	Thread		Core		Socket		Available
0		0		0		0		*
1		0		1		0		*
2		0		2		0		*
3		0		3		0		*
4		0		4		0		*
5		0		5		0		*
6		0		6		0		*
7		0		7		0		*
8		0		8		1		*
9		0		9		1		*
10		0		10		1		*
11		0		11		1		*
12		0		12		1		*
13		0		13		1		*
14		0		14		1		*
15		0		15		1		*
16		1		0		0		*
17		1		1		0		*
18		1		2		0		*
19		1		3		0		*
20		1		4		0		*
21		1		5		0		*
22		1		6		0		*
23		1		7		0		*
24		1		8		1		*
25		1		9		1		*
26		1		10		1		*
27		1		11		1		*
28		1		12		1		*
29		1		13		1		*
30		1		14		1		*
31		1		15		1		*
--------------------------------------------------------------------------------
Socket 0:		( 0 16 1 17 2 18 3 19 4 20 5 21 6 22 7 23 )
Socket 1:		( 8 24 9 25 10 26 11 27 12 28 13 29 14 30 15 31 )
--------------------------------------------------------------------------------
********************************************************************************
Cache Topology
********************************************************************************
Level:			1
Size:			32 kB
Cache groups:		( 0 16 ) ( 1 17 ) ( 2 18 ) ( 3 19 ) ( 4 20 ) ( 5 21 ) ( 6 22 ) ( 7 23 ) ( 8 24 ) ( 9 25 ) ( 10 26 ) ( 11 27 ) ( 12 28 ) ( 13 29 ) ( 14 30 ) ( 15 31 )
--------------------------------------------------------------------------------
Level:			2
Size:			256 kB
Cache groups:		( 0 16 ) ( 1 17 ) ( 2 18 ) ( 3 19 ) ( 4 20 ) ( 5 21 ) ( 6 22 ) ( 7 23 ) ( 8 24 ) ( 9 25 ) ( 10 26 ) ( 11 27 ) ( 12 28 ) ( 13 29 ) ( 14 30 ) ( 15 31 )
--------------------------------------------------------------------------------
Level:			3
Size:			20 MB
Cache groups:		( 0 16 1 17 2 18 3 19 4 20 5 21 6 22 7 23 ) ( 8 24 9 25 10 26 11 27 12 28 13 29 14 30 15 31 )
--------------------------------------------------------------------------------
********************************************************************************
NUMA Topology
********************************************************************************
NUMA domains:		2
--------------------------------------------------------------------------------
Domain:			0
Processors:		( 0 16 1 17 2 18 3 19 4 20 5 21 6 22 7 23 )
Distances:		10 21
Free memory:		28831 MB
Total memory:		32673.6 MB
--------------------------------------------------------------------------------
Domain:			1
Processors:		( 8 24 9 25 10 26 11 27 12 28 13 29 14 30 15 31 )
Distances:		21 10
Free memory:		30158.2 MB
Total memory:		32768 MB
--------------------------------------------------------------------------------
